352 576
359 664
372 751
393 836
423 918
472 994
533 1060
605 1109
693 1121
781 1100
851 1042
913 972
962 896
987 815
1001 731
1008 647
1010 562
424 539
462 490
522 469
586 467
648 482
740 481
800 462
865 460
924 482
958 533
694 538
695 594
696 650
698 711
613 744
653 752
695 763
736 749
775 739
498 561
535 543
572 540
607 559
571 563
535 566
780 555
817 535
854 537
888 556
853 559
817 558
531 840
583 820
648 813
695 820
741 811
802 815
855 831
804 900
744 934
696 942
646 937
582 908
545 843
648 834
695 839
742 831
839 837
743 893
695 902
646 896
