953 1176
953 1341
979 1508
1020 1665
1081 1819
1170 1956
1276 2072
1405 2162
1556 2183
1698 2151
1811 2050
1903 1921
1980 1777
2028 1626
2063 1468
2090 1307
2092 1145
1046 1013
1124 933
1235 903
1351 917
1457 951
1610 933
1709 884
1820 859
1927 876
2001 954
1537 1089
1537 1206
1539 1323
1539 1444
1415 1544
1477 1562
1541 1576
1603 1557
1660 1535
1151 1116
1215 1069
1295 1070
1371 1131
1294 1144
1212 1146
1684 1112
1754 1044
1835 1034
1902 1077
1844 1115
1762 1118
1310 1784
1385 1723
1467 1684
1537 1705
1605 1682
1684 1717
1769 1777
1692 1843
1615 1874
1542 1885
1469 1878
1385 1847
1349 1782
1468 1757
1538 1764
1606 1754
1729 1777
1610 1778
1541 1788
1470 1781
